Best Test AUC Score: 0.8942825198173523
Train AUC Score: 0.9556998014450073
Params: {'no_components': 59, 'learning_schedule': 'adagrad', 'loss': 'warp', 'learning_rate': 0.03366888807224179, 'item_alpha': 3.0678838066972434e-08, 'user_alpha': 4.7933357847505985e-09, 'max_sampled': 7, 'num_epochs': 26}
0.8198381662368774 0.9237425327301025
0.8623571395874023 0.8837407231330872
0.8520114421844482 0.9882320165634155
0.8626271486282349 0.984700620174408
0.8389566540718079 0.8729901313781738
0.7903795838356018 0.8332096934318542
0.8737220764160156 0.902345597743988
0.8510845899581909 0.9886449575424194
0.8080106973648071 0.9625391960144043
0.8558154106140137 0.9022554159164429
0.882847785949707 0.9251875281333923
0.8454928994178772 0.9105319976806641
0.8739925622940063 0.9793782234191895
0.8855383396148682 0.9439575672149658
0.8188155889511108 0.8952379822731018
0.8192139863967896 0.9030091762542725
0.8300318717956543 0.9190808534622192
0.7680808901786804 0.7731958627700806
0.8264060020446777 0.8583115339279175
0.8200044631958008 0.9449113011360168
0.8180176615715027 0.8910267949104309
0.8716588020324707 0.9819233417510986
0.835421085357666 0.9205641150474548
0.7996419072151184 0.9598114490509033
0.8439664244651794 0.9143048524856567
0.8859272003173828 0.9567954540252686
0.844995379447937 0.9813275337219238
0.7845796346664429 0.7919391393661499
0.8549583554267883 0.9864286184310913
0.8464903235435486 0.8904443979263306
0.8862480521202087 0.9319992661476135
0.767956554889679 0.7725225687026978
0.84038245677948 0.9198890328407288
0.8752475380897522 0.9716769456863403
0.83356112241745 0.9251216053962708
0.5901596546173096 0.7021811604499817
0.8691472411155701 0.8987771272659302
0.8581576347351074 0.9856154918670654
0.8700436949729919 0.9020417332649231
0.7686111927032471 0.9493820071220398
0.8279190063476562 0.9291479587554932
0.8157719969749451 0.9323319792747498
0.7631147503852844 0.767695426940918
0.8208726644515991 0.9210474491119385
0.86319899559021 0.9843775033950806
0.8117169737815857 0.8708009719848633
0.793901264667511 0.9678274393081665
0.877039909362793 0.9689827561378479
0.8753922581672668 0.9711655974388123
0.8281192779541016 0.86928391456604
0.8754201531410217 0.9441706538200378
0.8224558234214783 0.9269019365310669
0.8414203524589539 0.9058535099029541
0.8585894703865051 0.9849514961242676
0.8373479843139648 0.9037777781486511
0.8317950367927551 0.9182572960853577
0.8074219226837158 0.9510387182235718
0.8895735740661621 0.9629746675491333
0.8521319627761841 0.9885711073875427
0.8456425666809082 0.9863342046737671
0.8846730589866638 0.9273613691329956
0.8057847619056702 0.9501837491989136
0.8681203126907349 0.9794391989707947
0.8160965442657471 0.8812972903251648
0.874221920967102 0.9104259610176086
0.8331630825996399 0.8470422029495239
0.828205943107605 0.9233473539352417
0.8847745060920715 0.928508460521698
0.8235222101211548 0.9178217649459839
0.8148130774497986 0.9427456259727478
0.8489853143692017 0.9099772572517395
0.8203926086425781 0.908033549785614
0.8177025318145752 0.9280247688293457
0.8207916617393494 0.9226790070533752
0.8070360422134399 0.8173302412033081
0.78264981508255 0.7951884269714355
0.7989725470542908 0.8079457879066467
0.8123247623443604 0.9574055671691895
0.8480506539344788 0.9899305105209351
0.8183199167251587 0.9042761921882629
0.7964158654212952 0.8432542085647583
0.8262405395507812 0.9262728691101074
0.8214372992515564 0.9024358987808228
0.8735983371734619 0.9734416007995605
0.8019726872444153 0.9589070081710815
0.6180641651153564 0.6181725859642029
0.8457860350608826 0.8898040056228638
0.8200821876525879 0.9163538813591003
0.8039597868919373 0.9701398015022278
0.869877278804779 0.9777356386184692
0.8213266134262085 0.9122675061225891
0.8785788416862488 0.9679074287414551
0.8876681327819824 0.9452377557754517
0.8198806643486023 0.9354628324508667
0.862454354763031 0.9535413980484009
0.7986977696418762 0.8154572248458862
0.7653473019599915 0.7968049645423889
0.8769906163215637 0.9697081446647644
0.8070169687271118 0.9498960971832275
0.8825343251228333 0.9615767002105713
0.8436795473098755 0.9096507430076599
0.8703122138977051 0.9807389974594116
0.8446546196937561 0.9154990911483765
0.8015116453170776 0.9603843688964844
0.8016698360443115 0.9571586847305298
0.7609169483184814 0.7693209052085876
0.8062993288040161 0.948983371257782
0.6412302255630493 0.6408044695854187
0.8375912308692932 0.9163761138916016
0.8820996284484863 0.9619260430335999
0.8760042786598206 0.9717631340026855
0.8093860149383545 0.9452833533287048
0.808506965637207 0.8628208041191101
0.8871490359306335 0.9538871645927429
0.8501126170158386 0.9044551849365234
0.8510755896568298 0.9017953276634216
0.8495053648948669 0.9896907210350037
0.8798826932907104 0.9644222259521484
0.8449528813362122 0.8826806545257568
0.8422732353210449 0.9179678559303284
0.8476911783218384 0.891539990901947
0.7579278945922852 0.762066662311554
0.8523772358894348 0.9070447683334351
0.8712034821510315 0.9755330681800842
0.7774540781974792 0.8140433430671692
0.791725218296051 0.8068265318870544
0.8415860533714294 0.8967424631118774
0.6560092568397522 0.6631395220756531
0.8172374963760376 0.9499734044075012
0.7939055562019348 0.8391000032424927
0.8785322904586792 0.9682113528251648
0.8393732309341431 0.9153965711593628
0.8887664675712585 0.9378605484962463
0.7981899976730347 0.807086169719696
0.8210245966911316 0.9347250461578369
0.8165267109870911 0.882138192653656
0.8078917264938354 0.9516028165817261
0.8180232048034668 0.9226340055465698
0.8561477661132812 0.9000831246376038
0.7733960747718811 0.8085135221481323
0.8160631656646729 0.9522202610969543
0.6885976791381836 0.6998257040977478
0.8744778037071228 0.9752790331840515
0.8393662571907043 0.9175675511360168
0.8849387764930725 0.9521142244338989
0.8090652227401733 0.8672634363174438
0.8062190413475037 0.9525976181030273
0.8303223848342896 0.8580360412597656
0.8376278877258301 0.8760443329811096
0.8090519905090332 0.9505167007446289
0.8905322551727295 0.9415972828865051
0.8828461766242981 0.9594990611076355
0.87480229139328 0.9742788672447205
0.8316765427589417 0.9159563779830933
0.8745231032371521 0.9744490385055542
0.8170926570892334 0.9322401881217957
0.8348745107650757 0.9230834245681763
0.8245280981063843 0.8854755163192749
0.8038249015808105 0.970254123210907
0.8530774712562561 0.9794577360153198
0.8332603573799133 0.8761690258979797
0.8479955792427063 0.8850696682929993
0.8363068699836731 0.8996472358703613
0.8453568816184998 0.8963285088539124
0.6356498599052429 0.6396173238754272
0.8206413984298706 0.9067339301109314
0.8689671158790588 0.9793617129325867
0.7878687977790833 0.8037467002868652
0.8342130780220032 0.8665115237236023
0.8808563947677612 0.9668260216712952
0.8784688711166382 0.968347430229187
0.8348829746246338 0.9171639680862427
0.8456549644470215 0.9164333939552307
0.8325902223587036 0.9259418845176697
0.8476934432983398 0.8984808325767517
0.8177227973937988 0.8623407483100891
0.8815253973007202 0.9284418225288391
0.7745416164398193 0.8100377321243286
0.8178563117980957 0.9234182238578796
0.8032734394073486 0.8530797362327576
0.8399813175201416 0.9210480451583862
0.8412163257598877 0.8990176320075989
0.8368231058120728 0.9167121648788452
0.8269692659378052 0.9729357957839966
0.8370031714439392 0.9170034527778625
0.8439502120018005 0.8930163979530334
0.8203157186508179 0.8476652503013611
0.8028016090393066 0.9553878307342529
0.8530382513999939 0.9018568992614746
0.8479117155075073 0.9047966003417969
0.872941255569458 0.957753598690033
0.8135262131690979 0.9361443519592285
0.8560629487037659 0.9881898164749146
0.7562000751495361 0.7609256505966187
0.8431286215782166 0.912937581539154
0.815430223941803 0.920863687992096
0.7704260349273682 0.7762205600738525
0.8115657567977905 0.8381837010383606
0.8485389947891235 0.8930164575576782
0.7498601078987122 0.7555897831916809
0.8478177785873413 0.8656609654426575
0.7913623452186584 0.8072386980056763
0.790667712688446 0.7983209490776062
0.8253998756408691 0.9059349298477173
0.8397433757781982 0.9026516675949097
0.8203005790710449 0.9353720545768738
0.823599636554718 0.920052707195282
0.8032261729240417 0.9569056630134583
0.8453431725502014 0.8948154449462891
0.888051450252533 0.9248687028884888
0.8855112791061401 0.9541198015213013
0.8240048289299011 0.9110687971115112
0.8797620534896851 0.9510090351104736
0.8418973684310913 0.8992396593093872
0.8248333930969238 0.9249486923217773
0.8796952366828918 0.950107991695404
0.8440213799476624 0.9088134765625
0.8357385993003845 0.8925393223762512
0.8160604238510132 0.9299799799919128
0.8168373107910156 0.8957070112228394
0.8013954162597656 0.8504672050476074
0.812500536441803 0.8603938221931458
0.8285624980926514 0.911197304725647
0.6810735464096069 0.8217729926109314
0.8758535385131836 0.9758536219596863
0.8829745650291443 0.9593870639801025
0.8886288404464722 0.9248706102371216
0.8702065348625183 0.9768751859664917
0.8304808735847473 0.9226358532905579
0.7908287048339844 0.9706699252128601
0.8398908972740173 0.9888064861297607
0.8330760598182678 0.920295000076294
0.8161711096763611 0.8396085500717163
0.8635013699531555 0.9843859672546387
0.8181819915771484 0.9074532389640808
0.8839433789253235 0.9592478275299072
0.8223379850387573 0.9165033102035522
0.8832355737686157 0.9317899942398071
0.8778265118598938 0.9055692553520203
0.8542102575302124 0.9883697628974915
0.8401020765304565 0.8823602795600891
0.8100336194038391 0.9549800753593445
0.8342205286026001 0.9198296070098877
0.8095094561576843 0.868999719619751
0.8942041397094727 0.9574814438819885
0.832088828086853 0.9204506874084473
0.8353487849235535 0.9202396869659424
0.8309153914451599 0.8991362452507019
0.7967939972877502 0.9644296169281006
0.6431922316551208 0.6468105316162109
0.8162987232208252 0.9344913959503174
0.819355309009552 0.9175133109092712
0.7732163667678833 0.7784693241119385
0.863990306854248 0.9845799207687378
0.588827908039093 0.5890949368476868
0.71354079246521 0.823740541934967
0.8001694679260254 0.9593844413757324
0.8697389960289001 0.9768950939178467
0.7647524476051331 0.7689077258110046
0.8476238250732422 0.9011810421943665
0.8910772204399109 0.932034432888031
0.8172624707221985 0.9181224703788757
0.8034980297088623 0.8552732467651367
0.7997829914093018 0.8476822972297668
0.8527147769927979 0.8750275373458862
0.8153794407844543 0.8760236501693726
0.830199658870697 0.843923807144165
0.8208982348442078 0.9240394830703735
0.8636518120765686 0.983624279499054
0.7946133017539978 0.9647720456123352
0.7931914925575256 0.8365459442138672
0.7989227175712585 0.8189628720283508
0.8666674494743347 0.9799394607543945
0.8524640798568726 0.9022300839424133
0.8790359497070312 0.9665259718894958
0.8796249032020569 0.9671499729156494
0.7936375737190247 0.9681840538978577
0.8207739591598511 0.9042942523956299
0.7948335409164429 0.8436390161514282
0.8433296084403992 0.9149367809295654
0.8213854432106018 0.9106246829032898
0.8505324125289917 0.9137484431266785
0.8219990134239197 0.8479377627372742
0.8112768530845642 0.8325799703598022
0.8812844157218933 0.9369253516197205
0.7443126440048218 0.749796450138092
0.84908127784729 0.8698189854621887
0.812615692615509 0.8758030533790588
0.8192934989929199 0.9203817844390869
0.8195468187332153 0.8888814449310303
0.7620242238044739 0.7659340500831604
0.8157325983047485 0.8383362889289856
0.8689755797386169 0.9777078032493591
0.8514994978904724 0.9778322577476501
0.8351128697395325 0.9163865447044373
0.8638307452201843 0.9848883152008057
0.8404315114021301 0.8767997622489929
0.8303849101066589 0.9174414873123169
0.8088314533233643 0.947381317615509
0.8416581153869629 0.9215172529220581
0.8360557556152344 0.8854330778121948
0.7647742629051208 0.7735374569892883
0.866504967212677 0.9810172915458679
0.8366506099700928 0.9215819835662842
0.866895318031311 0.9796728491783142
0.8457174301147461 0.903367817401886
0.8095727562904358 0.9635003209114075
0.807741641998291 0.9491778612136841
0.8795731067657471 0.9653035998344421
0.8089903593063354 0.863565981388092
0.8863691091537476 0.9644158482551575
0.8197405338287354 0.9153910279273987
0.891443133354187 0.9283623099327087
0.852013349533081 0.9087116718292236
0.8451173305511475 0.8874025940895081
0.8838933706283569 0.9173408150672913
0.8175007700920105 0.9284367561340332
0.8344376683235168 0.8493323922157288
0.8154414296150208 0.8382003307342529
0.811279833316803 0.9444725513458252
0.849611759185791 0.9892074465751648
0.8447887897491455 0.9874671697616577
0.8437364101409912 0.8611141443252563
0.8171941637992859 0.8897820115089417
0.7862758040428162 0.8262489438056946
0.8401085734367371 0.9218375086784363
0.8208910822868347 0.8327621817588806
0.8179651498794556 0.8853777647018433
0.8480327129364014 0.8649047017097473
0.6428560614585876 0.653590202331543
0.8252137899398804 0.9266622066497803
0.8560017943382263 0.9035297632217407
0.7359488010406494 0.7387065887451172
0.6509212851524353 0.7510066032409668
0.837726354598999 0.8532716631889343
0.8109423518180847 0.8704156875610352
0.8516218066215515 0.9764043688774109
0.7878206372261047 0.9701642990112305
0.8431758880615234 0.8917675614356995
0.8055641055107117 0.858208417892456
0.8477546572685242 0.9903695583343506
0.8409848213195801 0.9138297438621521
0.8442648649215698 0.8866884708404541
0.8725388646125793 0.9336920976638794
0.8254458904266357 0.9267795085906982
0.8482863306999207 0.9090297818183899
0.8428225517272949 0.9166017174720764
0.7264390587806702 0.8542433381080627
0.8482364416122437 0.9901502132415771
0.888890266418457 0.9300549626350403
0.8826737999916077 0.9616990685462952
0.8417050838470459 0.9176740050315857
0.8559567928314209 0.9838077425956726
0.838930070400238 0.8990896344184875
0.8148687481880188 0.9377678036689758
0.8839699625968933 0.9577123522758484
0.8702279925346375 0.9774553775787354
0.8443122506141663 0.8834310173988342
0.6349040269851685 0.6340575814247131
0.7977176904678345 0.8146121501922607
0.8872551918029785 0.9242191910743713
0.8058537244796753 0.95405113697052
0.8467987179756165 0.8991697430610657
0.8415288925170898 0.9237313270568848
0.8149791955947876 0.935892641544342
0.8617609143257141 0.9819710850715637
0.8379759788513184 0.9168489575386047
0.8793125152587891 0.9462451934814453
0.8779415488243103 0.9699009656906128
0.7957574129104614 0.8472943902015686
0.8083481192588806 0.8626992702484131
0.8742945194244385 0.909119725227356
0.8628190159797668 0.9852271676063538
0.887374997138977 0.9495145082473755
0.7617254853248596 0.7661193609237671
0.8900581002235413 0.9403378963470459
0.8572544455528259 0.9857770204544067
0.796959400177002 0.9634181261062622
0.8723733425140381 0.9812687635421753
0.8480534553527832 0.9907323718070984
0.8507968187332153 0.911190927028656
0.8188689351081848 0.8953056335449219
0.8152432441711426 0.9256758093833923
0.8144545555114746 0.9497836828231812
0.8170673251152039 0.8288589715957642
0.8161623477935791 0.8869189620018005
0.8723204135894775 0.8997105360031128
0.7591249346733093 0.767350435256958
0.8865969777107239 0.9545566439628601
0.8655868768692017 0.979964554309845
0.8851551413536072 0.9525772929191589
0.7752498984336853 0.8106598258018494
0.8760340213775635 0.9100068807601929
0.8247441649436951 0.9116684794425964
0.8533015847206116 0.987737774848938
0.8709396123886108 0.9656039476394653
0.7722088694572449 0.7838718891143799
0.8209241628646851 0.9105483889579773
0.8011461496353149 0.8513753414154053
0.8197450637817383 0.9252430200576782
0.8093680143356323 0.9477229118347168
0.8356441855430603 0.9225708246231079
0.8181627988815308 0.8298500776290894
0.8344025015830994 0.8812946677207947
0.8543286323547363 0.8745997548103333
0.8467467427253723 0.9020293951034546
0.8520671725273132 0.9099008440971375
0.8106735348701477 0.9129101037979126
0.8576328158378601 0.9051084518432617
0.8822969794273376 0.9464132189750671
0.8128495216369629 0.8729057908058167
0.801655113697052 0.8222498893737793
0.8209763765335083 0.9348199963569641
0.8857681155204773 0.9533127546310425
0.8816023468971252 0.9543991088867188
0.788418173789978 0.8316010236740112
0.8191785216331482 0.8967655301094055
0.8530348539352417 0.9051223993301392
0.8002381324768066 0.9681071639060974
0.8536546230316162 0.9405542612075806
0.880477786064148 0.9663747549057007
0.7732153534889221 0.7787148356437683
0.7624666690826416 0.7668657302856445
0.8869124054908752 0.9325876235961914
0.827820897102356 0.8818373680114746
0.821473240852356 0.833305299282074
0.8630843162536621 0.98359614610672
0.8202183842658997 0.9023826718330383
0.869875431060791 0.9797607064247131
0.8248820900917053 0.8588099479675293
0.8869447708129883 0.9489516615867615
0.8701252937316895 0.9485872387886047
0.8009512424468994 0.9587288498878479
0.8468451499938965 0.8882697820663452
0.8736256957054138 0.9734868407249451
0.8098523616790771 0.8724135756492615
0.8497355580329895 0.9079319834709167
0.8398239612579346 0.9178670644760132
0.7475112080574036 0.8772955536842346
0.773762583732605 0.8081308007240295
0.8385345935821533 0.9240880012512207
0.813827633857727 0.8918781876564026
0.8331581354141235 0.9185552000999451
0.8049418926239014 0.8569462299346924
0.8080176115036011 0.9517318606376648
0.8180074095726013 0.897257387638092
0.8000303506851196 0.9589656591415405
0.8152381777763367 0.9326432943344116
0.8467645049095154 0.8958671689033508
0.823265790939331 0.9333837032318115
0.8025971055030823 0.8507302403450012
0.8266164660453796 0.8925720453262329
0.8107419013977051 0.8319471478462219
0.8553740382194519 0.9864941239356995
0.8429422378540039 0.9087572693824768
0.8098616003990173 0.9459050297737122
0.8114858865737915 0.8315091729164124
0.8347502946853638 0.8697711229324341
0.8157466053962708 0.9284952282905579
0.8880279660224915 0.9464902877807617
0.8609966039657593 0.9743909239768982
0.6424820423126221 0.6453429460525513
0.8653495907783508 0.9793767333030701
0.7503852844238281 0.7552083134651184
0.8099092841148376 0.8992421627044678
0.7947142720222473 0.9646888971328735
0.8468543291091919 0.9079607725143433
0.8584035038948059 0.9419149160385132
0.8867708444595337 0.9528653025627136
0.8169305324554443 0.9299460649490356
0.8634024262428284 0.9836648106575012
0.8417407870292664 0.9118987321853638
0.8652669191360474 0.9004355072975159
0.8384914994239807 0.8704221248626709
0.8812850117683411 0.9614896774291992
0.878764271736145 0.9676550626754761
0.8457717895507812 0.8931642174720764
0.8835338354110718 0.913683295249939
0.8139182329177856 0.9403167366981506
0.8840677738189697 0.9736602306365967
0.8257302641868591 0.9091988205909729
0.7325327396392822 0.7385985851287842
0.8182355165481567 0.9165350198745728
0.8942825198173523 0.9556998014450073
0.8543235659599304 0.9878167510032654
0.7909064888954163 0.9686861634254456
0.8328524827957153 0.9277936220169067
0.8367590308189392 0.9087579250335693
0.8360384106636047 0.8922563791275024
0.8576789498329163 0.9021849632263184
0.8905399441719055 0.965466320514679
0.8408632278442383 0.8920243978500366
0.8351970314979553 0.8757588267326355
0.8398590087890625 0.8731156587600708
0.8359034061431885 0.9235910177230835
0.7554477453231812 0.7850025296211243
0.8829224705696106 0.921358048915863
0.7360192537307739 0.7419650554656982
0.8780407905578613 0.9136568903923035
0.7354382276535034 0.7392825484275818
